state={
	id=343
	name="STATE_343"
	provinces={
		
1327
1328
1330
1331
1332
1333
1334
1336
1337
1338
1339
1341
1342
1344
1345
1346
1347
1348
1349
1350
1358
1359
1360
1361
1362
1363
1364
1365
1366
1367
1368
1369
1370
1371
1372
1373
1374
1375
1376
1377
1378
1379
1380
1381
1382
1383
1384
1385
1386
1387
1388
1389
1390
1391
1392
1393
1394
1395
1396
1397
1398
1399
1400
1401
1402
1403
1404
1405
1406
1407
1408
1433
1434
1435
1436
1438
1439
1442
1443
1444
1447
1448
1449
1450
1451
1452
1453
1454
1455
1456
1459
1462
1463
1464
1465
1466
1467
1468
1469
1470
1475
1476
1481
1482
1483
1484
1485
1487
1488
1490
1491
1493
1494
1495
1496
1497
1498
1499
1500
1502
1503
1504
1505
1506
1507
1510
1511
1512
1514
1520
1521
1522
1526
1527
1528
1529
1532
1533
1534
1535
1536
1537
1538
1539
1542
1544
1545
1546
1547
1548
1549
1550
1552
1553
1554
1555
1557
1558
1560
1564
1565
1569
1571
1572
1574
1576
1578
1579
1580
1582
1585
1586
1587
1590
1591
1594
1596
1598
1599
1600
1601
1602
1603
1604
1606
1607
1609
1610
1611
1612
1615
1616
1618
1620
1621
1622
1624
1625
1626
1629
1630
1631
1632
1635
1636
1638
1639
1640
1641
1647
1648
1649
1650
1651
1652
1654
1655
1656
1659
1660
1661
1666
1667
1668
1669
1671
1672
1673
1674
1678
1680
1681
1682
1683
1684
1685
1686
1687
1688
1692
1695
1696
1703
1704
1707
1708
1709
1710
1711
1713
1714
1719
1720
1724
1726
1727
1729
1730
1732
1739
1740
1741
1742
1744
1745
1748
1749
1752
1753
1754
1755
1761
1763
1764
1765
1767
1768
1769
1771
1772
1774
1776
1777
1778
1781
1783
1786
1787
1788
1793
1794
1795
1800
1802
1804
1805
1806
1810
1813
1816
1819
1820
1822
1823
1824
1825
1829
1832
1835
1836
1837
1838
1839
1840
1841
1850
1851
1853
1855
1856
1858
1859
1862
1865
1866
1868
1869
1870
1871
1872
1877
1879
1882
1888
1889
1895
1901
1905
1912
1913
1914
1915
1919
1920
1921
1922
1923
1926
1927
1928
1929
1930
1937
1938
1940
1944
1948
1951
1952
1953
1955
1957
1961
1962
1964
1971
1975
1982
1983
1984
1985
1986
1987
1989
1990
1993
1998
1999
2000
2003
2004
2007
2008
2013
2014
2015
2016
2022
2024
2025
2027
2031
2036
2038
2039
2040
2041
2043
2044
2045
2048
2051
2052
2054
2055
2056
2059
2060
2064
2065
2066
2068
2069
2072
2074
2075
2076
2078
2087
2088
2091
2097
2098
2099
2100
2101
2102
2104
2105
2106
2107
2112
2113
2115
2116
2118
2119
2120
2122
2123
2127
2128
2130
2131
2132
2136
2137
2140
2141
2142
2143
2145
2147
2148
2150
2151
2152
2153
2154
2160
2161
2163
2164
2165
2167
2168
2169
2173
2174
2175
2178
2180
2181
2183
2185
2186
2187
2188
2190
2191
2192
2193
2194
2195
2196
2198
2199
2200
2201
2205
2207
2209
2210
2211
2213
2214
2216
2217
2220
2221
2222
2225
2226
2227
2228
2229
2230
2231
2232
2234
2236
2237
2238
2241
2242
2246
2247
2248
2250
2254
2255
2256
2257
2258
2262
2263
2264
2265
2266
2268
2269
2272
2273
2274
2275
2276
2277
2278
2279
2280
2281
2282
2283
2284
2285
2286
2287
2288
2289
2290
2291
2292
2293
2294
2295
2296
2297
2298
2299
2301
2302
2303
2304
2305
2306
2307
2308
2309
2310
2311
2312
2313
2314
2315
2317
2318
2319
2320
2321
2322
2323
2324
2325
2326
2327
2328
2329
2330
2332
2333
2334
2335
2336
2337
2338
2339
2340
2341
2343
2344
2345
2346
2347
2348
2349
2350
2351
2352
2353
2354
2355
2356
2358
2360
2361
2362
2363
2364
2365
2366
2367
2368
2370
2371
2372
2373
2374
2375
2378
2379
2380
2381
2382
2383
2384
2386
2387
2388
2390
2391
2392
2394
2395
2397
2398
2401
2402
2403
2404
2405
2406
2407
2408
2409
2411
2413
2414
2415
2416
2417
2418
2419
2420
2421
2422
2423
2424
2425
2426
2427
2428
2429
2430
2431
2432
2433
2434
2435
2437
2438
2439
2440
2441
2442
2444
2445
2447
2449
2450
2451
2452
2453
2454
2455
2456
2457
2458
2459
2460
2461
2462
2463
2467
2468
2469
2470
2471
2472
2473
2474
2475
2476
2477
2479
2480
2481
2482
2483
2484
2485
2486
2487
2488
2489
2490
2491
2492
2493
2494
2495
2496
2498
2499
2500
2501
2502
2504
2505
2506
2507
2508
2509
2510
2511
2512
2513
2514
2515
2516
2517
2518
2521
2522
2524
2525
2526
2527
2529
2530
2532
2534
2535
2536
2537
2538
2539
2540
2541
2542
2543
2545
2546
2548
2549
2550
2551
2552
2553
2554
2555
2556
2557
2558
2559
2561
2562
2563
2567
2572
2573
2574
2576
2577
2578
2579
2581
2582
2583
2584
2585
2586
2587
2588
2589
2590
2591
2594
2596
2597
2598
2599
2600
2603
2604
2605
2606
2607
2609
2610
2611
2612
2613
2614
2615
2617
2618
2619
2620
2626
2627
2628
2629
2631
2632
2634
2635
2636
2639
2641
2642
2644
2645
2646
2649
2650
2651
2652
2653
2656
2657
2658
2659
2661
2662
2664
2665
2666
2670
2671
2672
2674
2675
2679
2681
2682
2683
2684
2686
2687
2688
2690
2693
2694
2697
2698
2699
2701
2702
2703
2706
2707
2708
2710
2711
2712
2713
2714
2716
2717
2718
2720
2721
2723
2724
2728
2730
2731
2732
2733
2738
2739
2740
2744
2745
2746
2747
2748
2749
2750
2751
2754
2755
2756
2759
2760
2761
2762
2763
2764
2765
2766
2767
2768
2769
2770
2771
2773
2774
2775
2778
2779
2780
2781
2785
2786
2791
2793
2794
2795
2796
2797
2798
2799
2800
2801
2802
2803
2806
2807
2808
2809
2810
2812
2813
2814
2815
2816
2817
2818
2819
2822
2823
2824
2825
2826
2827
2828
2829
2832
2836
2837
2839
2840
2843
2844
2845
2846
2847
2848
2849
2850
2851
2852
2853
2854
2855
2856
2859
2860
2861
2863
2864
2865
2868
2870
2871
2873
2874
2878
2879
2880
2882
2883
2884
2885
2886
2887
2888
2889
2890
2893
2894
2895
2896
2897
2899
2900
2901
2902
2903
2904
2905
2906
2907
2909
2910
2911
2912
2913
2914
2917
2921
2922
2923
2925
2926
2928
2929
2930
2933
2934
2935
2936
2937
2938
2939
2940
2941
2943
2944
2945
2946
2947
2948
2949
2950
2951
2952
2954
2955
2956
2957
2958
2959
2960
2961
2962
2963
2964
2965
2966
2967
2968
2969
2970
2971
2972
2973
2976
2979
2980
2982
2983
2986
2987
2989
2990
2991
2992
2994
2995
2996
2997
2999
3000
3001
3002
3004
3005
3006
3007
3008
3009
3010
3011
3012
3013
3014
3015
3016
3018
3019
3020
3021
3022
3023
3024
3025
3026
3027
3029
3030
3031
3032
3033
3034
3035
3036
3038
3039
3040
3041
3042
3043
3044
3045
3046
3047
3049
3050
3051
3052
3053
3054
3055
3056
3057
3058
3059
3060
3062
3063
3064
3065
3066
3067
3070
3071
3072
3073
3075
3076
3077
3078
3079
3080
3081
3083
3084
3086
3087
3088
3089
3090
3091
3092
3093
3094
3095
3096
3097
3098
3099
3100
3101
3102
3103
3104
3105
3106
3107
3109
3110
3111
3112
3113
3114
3115
3116
3117
3118
3119
3120
3121
3122
3123
3124
3125
3126
3128
3129
3130
3131
3133
3134
3135
3136
3137
3138
3139
3140
3141
3143
3144
3145
3146
3147
3148
3149
3150
3151
3153
3154
3155
3156
3158
3159
3160
3161
3162
3163
3165
3166
3167
3168
3169
3170
3171
3172
3174
3175
3176
3177
3179
3180
3181
3182
3183
3184
3185
3186
3187
3188
3191
3192
3194
3195
3196
3197
3198
3199
3200
3201
3202
3203
3204
3206
3207
3208
3209
3210
3211
3212
3213
3214
3215
3216
3217
3218
3219
3220
3223
3224
3225
3226
3227
3228
3229
3230
3231
3232
3235
3236
3237
3238
3241
3242
3243
3244
3245
3246
3247
3248
3249
3250
3251
3254
3255
3256
3258
3259
3260
3261
3262
3263
3264
3265
3268
3270
3271
3273
3274
3275
3276
3278
3279
3280
3281
3283
3284
3285
3286
3290
3291
3292
3293
3294
3295
3296
3297
3298
3300
3301
3302
3303
3304
3308
3309
3311
3312
3313
3315
3316
3317
3320
3321
3322
3323
3324
3325
3326
3327
3328
3329
3330
3331
3333
3334
3335
3337
3338
3339
3340
3344
3345
3346
3347
3348
3349
3350
3351
3354
3355
3356
3357
3358
3360
3361
3364
3365
3366
3367
3368
3370
3373
3374
3375
3376
3377
3381
3382
3384
3385
3386
3388
3389
3390
3394
3395
3396
3397
3401
3404
3407
3408
3409
3411
3412
3413
3414
3415
3416
3417
3418
3419
3420
3422
3423
3424
3425
3426
3427
3428
3429
3433
3435
3436
3437
3439
3440
3441
3444
3445
3446
3448
3450
3451
3452
3453
3454
3455
3456
3457
3458
3459
3460
3461
3462
3463
3464
3465
3467
3468
3469
3470
3471
3472
3473
3474
3475
3476
3477
3478
3481
3482
3484
3485
3486
3487
3488
3489
3490
3491
3493
3494
3495
3496
3497
3498
3500
3502
3503
3504
3506
3507
3509
3510
3511
3512
3513
3514
3515
3516
3517
3518
3519
3520
3521
3522
3523
3524
3525
3526
3529
3530
3531
3534
3535
3536
3539
3540
3541
3542
3543
3545
3546
3547
3548
3549
3550
3552
3553
3555
3557
3558
3560
3562
3563
3564
3565
3568
3569
3570
3571
3574
3575
3576
3577
3578
3580
3581
3582
3583
3584
3586
3587
3589
3590
3591
3594
3595
3596
3597
3598
3599
3601
3602
3604
3605
3606
3607
3608
3609
3610
3611
3612
3614
3616
3617
3618
3619
3620
3621
3622
3624
3625
3626
3631
3633
3634
3637
3638
3639
3640
3642
3643
3645
3646
3647
3648
3651
3653
3654
3655
3656
3659
3660
3661
3662
3663
3664
3665
3666
3667
3668
3669
3670
3671
3672
3673
3679
3680
3681
3682
3683
3685
3686
3688
3689
3691
3693
3694
3696
3697
3700
3701
3702
3703
3704
3705
3707
3708
3709
3710
3711
3714
3715
3717
3718
3720
3722
3723
3724
3725
3727
3729
3730
3731
3732
3733
3734
3735
3736
3737
3738
3740
3741
3742
3744
3745
3746
3747
3748
3749
3750
3751
3752
3753
3755
3756
3757
3763
3764
3765
3768
3770
3771
3772
3776
3777
3779
3780
3781
3783
3784
3785
3786
3787
3788
3789
3791
3792
3794
3795
3796
3797
3798
3799
3800
3801
3805
3806
3807
3808
3811
3812
3813
3815
3817
3819
3821
3824
3826
3827
3828
3829
3831
3833
3834
3835
3836
3837
3838
3839
3840
3842
3843
3844
3845
3846
3848
3849
3850
3851
3852
3855
3856
3857
3858
3862
3863
3865
3867
3868
3869
3871
3872
3874
3875
3876
3879
3880
3881
3882
3883
3884
3885
3886
3889
3891
3892
3893
3894
3895
3896
3898
3900
3901
3904
3905
3906
3908
3909
3910
3913
3915
3916
3917
3919
3920
3921
3922
3923
3924
3927
3928
3929
3930
3931
3932
3935
3936
3937
3938
3939
3940
3941
3942
3944
3946
3949
3950
3951
3952
3953
3954
3955
3956
3957
3958
3959
3961
3962
3963
3964
3966
3967
3968
3969
3970
3972
3973
3974
3975
3976
3977
3978
3979
3985
3986
3987
3989
3990
3991
3992
3994
3995
3996
3998
3999
4000
4001
4004
4005
4006
4007
4008
4009
4010
4011
4012
4014
4015
4016
4017
4018
4019
4020
4021
4024
4025
4026
4027
4028
4029
4031
4032
4033
4034
4037
4038
4039
4040
4041
4042
4043
4044
4045
4046
4047
4048
4050
4051
4052
4053
4054
4055
4056
4060
4062
4063
4064
4066
4067
4068
4069
4070
4071
4072
4073
4075
4076
4077
4078
4079
4081
4082
4083
4084
4085
4086
4087
4088
4092
4093
4094
4096
4097
4099
4100
4101
4102
4103
4104
4105
4106
4107
4108
4111
4112
4113
4114
4117
4118
4120
4121
4122
4123
4124
4125
4126
4127
4128
4129
4130
4131
4133
4134
4135
4136
4137
4138
4143
4144
4145
4146
4148
4149
4150
4153
4154
4155
4156
4159
4161
4164
4165
4166
4169
4170
4171
4172
4173
4174
4175
4176
4177
4178
4180
4181
4182
4184
4185
4186
4187
4188
4189
4190
4191
4192
4193
4194
4195
4196
4197
4198
4199
4200
4201
4202
4203
4204
4205
4206
4208
4210
4214
4215
4218
4219
4220
4221
4224
4225
4226
4227
4229
4230
4231
4232
4233
4234
4235
4236
4237
4238
4239
4240
4241
4242
4244
4246
4247
4248
4250
4251
4252
4253
4254
4255
4256
4257
4258
4259
4262
4263
4264
4265
4266
4269
4270
4271
4272
4273
4274
4275
4276
4277
4278
4279
4280
4282
4283
4284
4285
4286
4287
4288
4290
4291
4292
4293
4294
4295
4296
4297
4298
4299
4300
4301
4302
4303
4304
4305
4306
4307
4308
4309
4312
4313
4314
4315
4316
4317
4318
4321
4322
4323
4324
4327
4328
4329
4330
4331
4332
4333
4334
4335
4336
4337
4338
4339
4342
4343
4344
4345
4346
4347
4348
4349
4350
4351
4352
4353
4355
4356
4357
4358
4359
4360
4361
4362
4363
4364
4365
4366
4367
4368
4370
4372
4373
4374
4375
4376
4378
4379
4380
4381
4382
4383
4384
4385
4386
4387
4388
4389
4391
4392
4393
4394
4395
4396
4397
4398
4399
4400
4401
4403
4404
4405
4406
4407
4408
4409
4410
4411
4412
4413
4414
4415
4416
4417
4418
4419
4420
4421
4422
4423
4425
4426
4427
4428
4429
4430
4431
4432
4433
4434
4435
4436
4437
4438
4439
4440
4441
4442
4443
4444
4445
4446
4447
4448
4449
4450
4451
4452
4453
4454
4455
4456
4457
4458
4459
4461
4462
4463
4464
4465
4466
4467
4468
4470
4471
4472
4473
4474
4475
4476
4477
4478
4480
4481
4482
4483
4484
4485
4486
4487
4488
4490
4491
4492
4493
4494
4495
4496
4497
4498
4499
4500
4501
4502
4504
4505
4507
4508
4509
4510
4511
4512
4513
4514
4516
4517
4518
4519
4521
4522
4523
4524
4525
4526
4527
4528
4529
4530
4531
4532
4533
4534
4535
4536
4537
4538
4539
4540
4541
4542
4543
4544
4545
4546
4547
4550
4551
4552
4553
4554
4555
4556
4557
4558
4559
4560
4561
4562
4563
4564
4565
4566
4567
4568
4569
4570
4571
4573
4574
4575
4576
4577
4578
4581
4582
4583
4584
4585
4586
4587
4588
4589
4590
4591
4592
4593
4594
4595
4596
4597
4598
4599
4600
4601
4602
4603
4604
4605
4606
4607
4608
4609
4610
4611
4612
4613
4615
4616
4617
4618
4619
4622
4623
4624
4625
4626
4627
4628
4629
4630
4631
4633
4634
4635
4636
4638
4639
4640
4641
4642
4643
4644
4645
4646
4647
4648
4649
4650
4651
4652
4653
4654
4655
4656
4657
4658
4659
4660
4661
4662
4663
4664
4665
4666
4667
4668
4669
4670
4671
4672
4674
4675
4676
4677
4678
4680
4681
4682
4683
4685
4686
4687
4688
4689
4690
4691
4694
4695
4696
4697
4698
4699
4700
4701
4702
4703
4704
4705
4706
4707
4708
4709
4710
4711
4713
4714
4715
4716
4717
4720
4721
4722
4723
4724
4725
4727
4728
4729
4730
4731
4732
4733
4734
4735
4736
4737
4738
4740
4741
4742
4743
4744
4745
4746
4750
4751
4752
4753
4754
4755
4756
4757
4759
4760
4761
4762
4764
4765
4766
4767
4768
4771
4772
4773
4774
4777
4778
4779
4780
4781
4782
4783
4784
4785
4786
4787
4788
4789
4794
4795
4796
4797
4798
4799
4800
4801
4802
4803
4804
4805
4806
4807
4808
4810
4811
4812
4813
4815
4816
4817
4818
4821
4822
4823
4824
4825
4827
4828
4829
4830
4831
4832
4833
4834
4835
4836
4837
4838
4839
4841
4842
4843
4844
4845
4846
4847
4848
4849
4850
4852
4853
4854
4855
4858
4859
4860
4861
4862
4864
4865
4866
4867
4868
4869
4870
4871
4872
4873
4874
4875
4876
4877
4878
4879
4880
4881
4882
4883
4884
4885
4886
4887
4888
4889
4890
4891
4893
4894
4895
4896
4897
4899
4900
4901
4902
4903
4904
4905
4906
4910
4911
4912
4913
4914
4915
4916
4917
4918
4919
4921
4922
4923
4924
4925
4927
4928
4929
4930
4931
4932
4935
4936
4937
4938
4939
4942
4943
4944
4945
4947
4948
4949
4950
4951
4954
4955
4956
4957
4958
4959
4960
4961
4962
4963
4964
4965
4966
4967
4968
4969
4970
4971
4972
4973
4975
4977
4978
4979
4980
4981
4982
4983
4984
4986
4987
4988
4989
4990
4991
4993
4994
4995
4996
4997
4998
5000
5001
5002
5003
5005
5006
5007
5008
5009
5010
5011
5012
5013
5014
5015
5016
5017
5021
5022
5023
5024
5025
5026
5028
5029
5030
5031
5034
5035
5036
5037
5039
5040
5041
5042
5043
5044
5045
5046
5047
5048
5051
5052
5053
5054
5055
5056
5057
5058
5059
5060
5063
5064
5065
5066
5068
5069
5070
5072
5073
5074
5075
5076
5079
5080
5081
5082
5084
5085
5086
5087
5088
5089
5090
5091
5095
5096
5097
5098
5099
5100
5101
5102
5103
5104
5105
5106
5107
5108
5109
5110
5111
5113
5114
5115
5116
5118
5119
5120
5121
5122
5123
5124
5125
5126
5127
5128
5129
5130
5131
5132
5134
5135
5136
5137
5138
5141
5142
5143
5148
5149
5150
5151
5152
5153
5155
5156
5157
5158
5159
5160
5161
5162
5163
5164
5165
5166
5167
5168
5169
5170
5173
5174
5175
5176
5177
5178
5181
5182
5183
5184
5185
5186
5187
5188
5189
5190
5191
5192
5193
5194
5195
5196
5197
5198
5199
5201
5202
5203
5204
5205
5206
5207
5208
5209
5210
5211
5212
5213
5215
5216
5217
5218
5219
5220
5221
5222
5223
5224
5225
5226
5227
5228
5229
5230
5231
5233
5234
5235
5237
5240
5241
5242
5243
5245
5246
5247
5248
5249
5250
5251
5252
5253
5254
5255
5256
5257
5258
5259
5260
5261
5262
5263
5264
5265
5266
5267
5268
5269
5270
5271
5272
5273
5274
5276
5277
5278
5279
5280
5281
5282
5283
5284
5285
5286
5287
5288
5289
5290
5291
5292
5293
5294
5295
5296
5297
5298
5299
5300
5301
5302
5303
5304
5305
5306
5307
5308
5309
5311
5312
5313
5314
5315
5316
5318
5319
5320
5321
5322
5323
5324
5325
5326
5327
5328
5329
5330
5331
5332
5333
5334
5335
5336
5337
5338
5339
5340
5341
5342
5343
5344
5345
5346
5347
5348
5349
5350
5351
5352
5353
5354
5355
5356
5357
5358
5359
5360
5361
5362
5363
5364
5365
5366
5367
5368
5369
5370
5371
5372
5373
5374
5375
5376
5377
5378
5379
5380
5381
5382
5383
5384
5385
5386
5387
5388
5389
5390
5391
5392
5393
5394
5395
5396
5397
5398
5399
5400
5401
5402
5403
5404
5405
5406
5407
5408
5409
5410
5411
5412
5413
5414
5415
5416
5417
5418
5419
5420
5421
5422
5423
5424
5425
5426
5427
5428
5429
5430
5431
5432
5433
5434
5435
5436
5437
5438
5439
5440
5441
5442
5443
5444
5446
5447
5448
5449
5450
5451
5452
5453
5454
5455
5456
5457
5458
5459
5460
5461
5462
5463
5464
5465
5466
5467
5468
5469
5470
5471
5472
5473
5474
5475
5476
5477
5478
5479
5480
5481
5482
5483
5484
5485
5486
5487
5488
5489
5490
5491
5492
5493
5494
5495
5496
5497
5498
5499
5500
5501
5502
5503
5504
5505
5506
5507
5508
5509
5510
5511
5512
5513
5514
5515
5516
5517
5518
5519
5520
5521
5522
5523
5524
5525
5526
5527
5528
5529
5530
5531
5532
5533
5534
5535
5536
5537
5538
5539
5540
5541
5542
5543
5544
5545
5546
5547
5548
5549
5550
5551
5552
5553
5554
5555
5556
5557
5558
5559
5560
5561
5562
5563
5564
5565
5566
5567
5568
5569
5570
5571
5572
5573
5574
5575
5576
5577
5578
5579
5580
5581
5582
5583
5584
5585
5586
5587
5588
5589
5590
5591
5592
5593
5594
5595
5596
5597
5598
5599
5600
5601
5602
5604
5605
5606
5607
5608
5609
5610
5611
5612
5613
5614
5615
5616
5617
5618
5619
5620
5621
5622
5623
5624
5625
5626
5627
5628
5629
5630
5631
5632
5633
5634
5635
5636
5637
5638
5639
5640
5641
5642
5643
5644
5645
5646
5647
5648
5649
5650
5651
5652
5653
5654
5655
5656
5657
5658
5659
5660
5661
5662
5663
5664
5665
5666
5667
5668
5669
5670
5671
5672
5673
5674
5675
5676
5677
5678
5679
5680
5681
5682
5683
5684
5685
5686
5687
5688
5689
5690
5691
5692
5693
5694
5695
5696
5697
5698
5699
5700
5701
5702
5703
5704
5705
5706
5707
5708
5709
5710
5711
5712
5713
5714
5715
5716
5717
5718
5719
5720
5721
5722
5723
5724
5725
5726
5727
5728
5729
5730
5731
5732
5733
5734
5735
5736
5737
5738
5739
5740
5741
5742
5743
5744
5745
5746
5747
5748
5749
5750
5751
5752
5753
5754
5755
5756
5757
5758
5759
5760
5761
5762
5763
5764
5765
5766
5767
5768
5769
5770
5771
5772
5773
5774
5775
5776
5777
5778
5779
5780
5781
5782
5783
5784
5785
5786
5787
5788
5789
5790
5791
5792
5793
5794
5795
5796
5797
5798
5799
5800
5801
5802
5803
5804
5805
5806
5807
5808
5809
5810
5811
5812
5813
5814
5815
5816
5817
5818
5819
5820
5821
5822
5823
5824
5825
5826
5828
5829
5830
5831
5832
5833
5834
5835
5836
5837
5838
5839
5840
5841
5842
5843
5844
5845
5846
5847
5848
5849
5850
5851
5852
5853
5854
5855
5856
5857
5858
5859
5860
5861
5862
5863
5864
5866
5867
5868
5869
5870
5871
5872
5873
5874
5875
5876
5877
5878
5879
5880
5881
5883
5884
5885
5886
5887
5888
5889
5890
5891
5892
5893
5894
5895
5896
5897
5898
5899
5900
5901
5902
5903
5904
5905
5906
5907
5908
5909
5910
5911
5912
5913
5914
5915
5916
5917
5918
5919
5920
5921
5922
5923
5924
5925
5926
5927
5928
5929
5930
5931
5932
5933
5934
5936
5937
5938
5939
5940
5941
5943
5944
5945
5946
5947
5948
5949
5950
5953
5954
5955
5956
5957
5958
5959
5960
5961
5962
5963
5964
5965
5966
5967
5968
5969
5970
5971
5972
5973
5974
5975
5976
5978
5979
5980
5981
5982
5983
5984
5985
5986
5987
5988
5989
5990
5991
5992
5993
5994
5995
5996
5997
5998
5999
6000
6001
6002
6003
6004
6006
6007
6008
6011
6012
6013
6014
6015
6016
6017
6018
6019
6020
6021
6022
6023
6024
6025
6026
6027
6028
6029
6030
6031
6032
6033
6034
6035
6036
6037
6038
6039
6040
6041
6042
6043
6045
6047
6048
6049
6050
6051
6052
6053
6054
6055
6056
6057
6058
6059
6060
6061
6062
6065
6066
6067
6068
6069
6070
6071
6073
6074
6075
6076
6078
6079
6080
6082
6083
6084
6085
6086
6087
6088
6089
6090
6091
6092
6093
6094
6095
6096
6097
6098
6099
6100
6101
6102
6103
6104
6105
6106
6107
6108
6109
6110
6111
6112
6113
6114
6115
6116
6117
6118
6119
6121
6122
6123
6124
6125
6126
6127
6128
6129
6130
6131
6132
6133
6134
6135
6136
6137
6139
6140
6141
6142
6143
6144
6145
6146
6147
6148
6150
6151
6152
6153
6154
6155
6156
6157
6158
6159
6160
6161
6164
6165
6166
6167
6168
6169
6170
6172
6173
6174
6175
6176
6177
6178
6179
6180
6182
6183
6184
6185
6186
6187
6188
6189
6190
6191
6192
6193
6194
6195
6198
6199
6200
6201
6202
6204
6205
6206
6207
6208
6209
6210
6212
6213
6214
6215
6216
6217
6218
6219
6220
6221
6222
6223
6224
6225
6226
6227
6229
6230
6231
6232
6233
6234
6235
6237
6238
6239
6240
6241
6242
6243
6244
6245
6246
6247
6248
6251
6252
6253
6254
6255
6257
6258
6259
6260
6264
6265
6266
6267
6268
6269
6271
6272
6273
6274
6275
6276
6277
6278
6279
6280
6281
6282
6283
6284
6285
6287
6288
6289
6290
6291
6294
6295
6296
6297
6298
6299
6300
6301
6303
6304
6305
6306
6307
6308
6309
6310
6312
6313
6314
6315
6316
6317
6323
6324
6325
6326
6327
6328
6329
6331
6332
6333
6335
6336
6337
6338
6339
6340
6341
6342
6343
6344
6345
6346
6347
6348
6349
6350
6351
6352
6353
6354
6355
6356
6357
6358
6360
6361
6362
6363
6364
6365
6366
6369
6370
6371
6372
6377
6378
6379
6380
6381
6382
6383
6384
6385
6386
6387
6388
6389
6390
6391
6392
6393
6394
6396
6397
6398
6399
6400
6401
6402
6403
6404
6405
6406
6407
6408
6409
6410
6411
6412
6413
6414
6415
6416
6417
6418
6419
6420
6421
6422
6423
6424
6425
6426
6427
6428
6429
6430
6431
6432
6434
6435
6436
6437
6438
6442
6443
6444
6445
6446
6447
6448
6449
6450
6451
6452
6453
6454
6455
6456
6457
6458
6459
6460
6461
6462
6463
6464
6465
6466
6467
6468
6469
6470
6471
6472
6473
6474
6475
6478
6479
6480
6482
6483
6484
6485
6486
6487
6488
6489
6490
6491
6492
6493
6494
6495
6496
6497
6498
6499
6500
6501
6503
6504
6505
6506
6507
6508
6509
6510
6511
6512
6513
6514
6515
6517
6518
6519
6522
6524
6525
6526
6527
6531
6532
6533
6534
6536
6537
6538
6539
6541
6543
6546
6547
6548
6549
6550
6551
6552
6553
6555
6556
6557
6558
6559
6560
6561
6562
6563
6564
6565
6566
6567
6568
6569
6570
6571
6573
6574
6575
6576
6577
6581
6582
6583
6584
6587
6588
6589
6592
6593
6594
6595
6597
6598
6600
6601
6603
6604
6605
6606
6608
6609
6610
6611
6612
6613
6614
6615
6616
6618
6619
6620
6621
6622
6626
6627
6630
6631
6632
6634
6635
6636
6637
6639
6640
6642
6643
6644
6645
6646
6647
6650
6651
6652
6653
6654
6655
6656
6657
6658
6659
6660
6664
6665
6666
6667
6668
6671
6672
6674
6675
6676
6677
6678
6681
6683
6684
6685
6686
6688
6689
6691
6693
6694
6695
6696
6697
6699
6700
6701
6702
6705
6706
6708
6710
6711
6712
6717
6718
6720
6721
6722
6725
6726
6727
6729
6730
6731
6735
6736
6737
6739
6741
6745
6746
6747
6750
6751
6754
6755
6756
6757
6758
6759
6760
6764
6765
6766
6767
6768
6770
6771
6772
6773
6774
6776
6778
6781
6784
6785
6788
6789
6790
6791
6792
6793
6796
6798
6802
6803
6804
6805
6806
6807
6808
6809
6810
6812
6813
6814
6818
6819
6822
6824
6829
6830
6832
6834
6835
6841
6842
6843
6845
6847
6850
6851
6854
6855
6860
6862
6864
6867
6868
6869
6870
6871
6876
6877
6880
6882
6883
6887
6888
6889
6894
6904
6906
6908
6909
6913
6914
6918
6919
6920
6921
6925
6926
6928
6931
6932
6933
6934
6939
6944
6945
6947
6956
6957
6958
6959
6961
6962
6966
6971
6972
6976
6977
6978
6981
6984
6985
6987
6988
6992
6997
6998
6999
7000
7001
7003
7007
7009
7010
7011
7022
7025
7026
7028
7030
7032
7036
7037
7038
7042
7045
7046
7047
7049
7054
7057
7058
7060
7062
7063
7064
7066
7067
7078
7084
7085
7086
7088
7089
7093
7098
7101
7104
7105
7122
7149
7157
7162
7171
7172
7177
7180
7181
7187
7200
7204
7210
7214
7215
7217
7218
7219
7225
7230
7235
7246
7250
7259
7260
7279
7280
7285
7293
7296
7300
7301
7306
7330
7336
7338
7345
7352
7359
7360
7371
7377
7378
7379
7394
7395
7401
7407
7421
7426
7438
7446
7470
7477
7485
7495
7500
7508
7509
7517
7522
7523
7535
7551
7552
7564
7569
7570
7571
7578
7579
7580
7581
7586
7587
7588
7596
7597
7603
7610
7649
7659
7665
7666
7678
7679
7683
7692
7699
7717
7727
7734
7737
7738
7753
7754
7763
7764
7768
7786
7790
7796
7797
7806
7813
7818
7828
7829
7830
7838
7839
7845
7859
7860
7861
7868
7876
7877
7878
7884
7885
7889
7902
7903
7904
7910
7920
7928
7929
7938
7945
7949
7950
7968
7974
7975
7976
7984
7985
7993
7996
7997
8005
8010
8019
8037
8038
8039
8040
8050
8055
8056
8060
8067
8068
8069
8075
8076
8090
8091
8098
8099
8113
8114
8115
8116
8126
8132
8137
8138
8144
8145
8146
8151
8152
8160
8170
8171
8177
8186
8194
8195
8203
8204
8205
8210
8212
8217
8218
8223
8230
8231
8232
8239
8240
8248
8249
8264
8265
8266
8270
8286
8294
8308
8309
8312
8313
8318
8323
8324
8330
8350
8351
8369
8376
8377
8382
8383
8384
8385
8393
8399
8408
8409
8417
8418
8423
8424
8425
8439
8447
8448
8458
8459
8464
8474
8475
8476
8477
8478
8489
8497
8511
8516
8524
8533
8548
8549
8550
8551
8560
8561
8571
8572
8588
8589
8590
8591
8602
8603
8609
8610
8616
8617
8618
8619
8620
8625
8631
8632
8633
8634
8643
8649
8650
8659
8660
8670
8677
8678
8679
8686
8687
8707
8721
8722
8723
8729
8746
8747
8751
8755
8756
8761
8770
8771
8772
8778
8779
8790
8802
8803
8804
8814
8821
8822
8823
8824
8825
8843
8851
8856
8857
8858
8859
8866
8872
8873
8876
8883
8895
8900
8901
8902
8909
8910
8915
8916
8917
8923
8937
8938
8939
8948
8961
8962
8965
8970
8977
8978
8985
8986
8991
8999
9000
9003
9017
9018
9020
9025
9029
9033
9038
9039
9040
9051
9052
9066
9068
9070
9071
9074
9075
9080
9085
9086
9090
9091
9103
9104
9105
9112
9113
9131
9140
9141
9146
9150
9154
9174
9175
9184
9186
9187
9189
9190
9191
9204
9205
9206
9207
9209
9210
9212
9214
9221
9224
9226
9229
9230
9233
9240
9241
9247
9254
9255
9256
9257
9259
9260
9261
9264
9266
9267
9270
9282
9283
9284
9291
9293
9294
9298
9302
9303
9307
9311
9312
9315
9333
9339
9340
9344
9345
9346
9353
9354
9364
9368
9370
9374
9375
9380
9381
9382
9386
9387
9390
9395
9396
9401
9402
9408
9409
9410
9411
9417
9420
9421
9422
9423
9426
9429
9438
9441
9453
9454
9459
9466
9467
9475
9476
9480
9481
9486
9489
9491
9494
9502
9503
9506
9507
9516
9517
9519
9520
9521
9524
9530
9533
9538
9539
9544
9549
9551
9552
9553
9557
9558
9559
9560
9561
9562
9563
9565
9567
9569
9572
9578
9579
9586
9588
9589
9594
9595
9598
9600
9603
9604
9605
9610
9612
9615
9617
9618
9619
9621
9623
9626
9627
9630
9632
9633
9634
9636
9637
9638
9639
9640
9641
9645
9646
9647
9649
9655
9656
9657
9658
9659
9660
9664
9665
9666
9667
9668
9669
9670
9671
9673
9674
9675
9676
9677
9678
9679
9680
9682
9683
9684
9685
9686
9687
9688
9689
9690
9691
9692
9693
9694
9695
9696
9697
9698
9700
9701
9702
9703
9704
9705
9706
9707
9708
9709
9710
9713
9714
9715
9716
9717
9718
9720
9721
9722
9723
9724
9725
9726
9727
9729
9731
9732
9733
9734
9735
9736
9737
9738
9739
9740
9741
9742
9743
9744
9745
9746
9747
9748
9749
9750
9751
9752
9753
9754
9755
9756
9757
9758

	}
	manpower=101302
	buildings_max_level_factor=1.000
	local_supplies=0.000 
	state_category = wasteland 
	history={
		owner = TST 
		victory_points = { 1327 2 } #NoName 
	}
}
#2-28th-2023 