state={
	id=344
	name="STATE_344"
	provinces={
		
1302
8421
8514
8557
8576
8584
8639
8720
8777
8870
8926
8935
9047
9048
9134
9139
9158
9200
9211
9265
9285
9286
9321
9357
9371
9405
9439
9458
9482
9492
9540

	}
	manpower=1349
	buildings_max_level_factor=1.000
	local_supplies=0.000 
	state_category = wasteland 
	history={
		owner = TST 
		victory_points = { 1302 3 } #NoName 
	}
}

#1302 8421 8514 8557 8576 8584 8639 8720 8777 8870 8926 8935 9047 9048 9134 9139 9158 9200 9211 9265 9285 9286 9321 9357 9371 9405 9439 9458 9482 9492 9540