state={
	id=41
	name="STATE_41"
	provinces={
		7634 7635 7636 7642 7643 7650 7651 7661 7667 7672 7673 7693 7703 7730 7743 7756 7776 7792 7819 7835 7862 7865 7895 7909 7955 7959 8006 8016 8057 8104 8133 8178 8199 8233 8246 8295 8303 8346 8359 8400 8427 8479 8493 8541 8546 8592 8596 8651 8673 8712 8719 8757 8760 8808 8816 8865 8903 8907 8942 8946 8975 8979 9011 9019 9042 9045 9062 9065 9081 9084 9106 9123 9125 9132 9137 9148 9149 9155 9156 9160 9165 9166 9167 9168 
	}
	manpower=1041 
	impassable = yes 
	buildings_max_level_factor=1.000
	local_supplies=0.000
	state_category = wasteland   
	
	history={
		owner = RSS 
		#victory_points = { 1 0 } #NoName 
		#add_core_of = RSS 
	}
}
