state={
	id=42
	name="STATE_42"
	provinces={
		7957 7958 7970 7978 7979 7986 7987 8000 8007 8021 8051 8053 8078 8079 8107 8118 8148 8155 8196 8207 8242 8297 8302 8341 8347 8387 8394 8442 8450 8492 8506 8537 8543 8593 8595 8644 8654 8692 8702 8739 8776 8781 8815 8820 8852 8854 8884 8887 8918 8919 8940 8953 8958 8967 8968 8981 8982 8988 8997 8998 
	}
	manpower=1042 
	impassable = yes 
	buildings_max_level_factor=1.000
	local_supplies=0.000
	state_category = wasteland   
	
	history={
		owner = RSS 
		#victory_points = { 1 0 } #NoName 
		
	}
}
